0.38594820296298193
0.21268292577980025
0.18321582495537253
0.16888463132263784
0.15961568737385215
0.15346975905287716
0.14769186282994065
0.1437572379157752
0.14017448299127955
0.13700834292661768
0.13528445956871274
0.13309940308202947
0.1304692639735158
0.12972793572256833
0.1279529396613365
0.12651477953445683
0.12524323698658146
0.1238643347495539
0.12252664297800639
0.12224916710496911
0.12140851039127265
0.12018783211541575
0.11957150741643893
0.11851592922917366
0.11886304612765765
0.11748340291628402
0.11715665376848644
0.1169953014329307
0.11659335538809674
0.11538334886880486
0.1161695703827099
0.11513319039921965
0.11478390760631904
0.11435357389207362
0.11343633823332618
0.11353142984086574
0.1133785586755591
0.11345253502319941
0.11286101202595537
0.11241895153258322
0.11155408811376821
0.11160376872393302
0.11136047715525832
0.11139835762282027
0.11015657894660197
0.11026750169208818
0.10986174898792098
0.11022970179809242
0.10976401477830149
0.10919791753250645
0.10853574158130115
0.10943499173272996
0.10870397233356237
0.1080413862951863
0.10776762591708454
0.10814869062065116
0.10787921943681571
0.1072512378258264
0.10728818267898335
0.10647350142251476
0.10694128195370746
0.10653622657023624
0.10662284529057443
0.10677763693437008
0.10673551156441667
0.10553187030598216
0.10549617477783425
0.10620051212169457
0.10578622260147706
0.10555403133880863
0.10534049925283939
0.10491968151632856
0.10564280190799341
0.10475237974185961
0.1050681372668564
0.10521093589929525
0.104817671949896
0.10471982445075304
0.10461002721929313
0.10427237546717728
0.10481431171029788
0.10443743210098597
0.10385334544915134
0.10457066641247546
0.10449408161703065
0.1036781739977707
0.10440691620629446
0.1036831975343951
0.10379634886832062
0.10456580856917883
0.10419754266350408
0.10353527549702805
0.10364630271713605
0.10329146912144549
0.10372832669540638
0.10316656880002079
0.10313956202704443
0.10323872783959541
0.10344217213542471
0.10311594367730255
