0.22563784259639122
0.09809884971931512
0.07729106009801968
0.06991200102117401
0.064114926358619
0.0608422908074067
0.057517077833932055
0.05550211278142432
0.05489572436357418
0.05303671512542342
0.0512497461083548
0.050427427102622595
0.048951339892335445
0.048376966327946795
0.04702206362966126
0.04610884884715746
0.046334347916012
0.04460187034460605
0.04419240730448697
0.0436439016899805
0.04289895878592535
0.04226036789965215
0.04235602423784564
0.04204096766287018
0.041822647881676216
0.04089362733297323
0.04076552783005508
0.03973079763449992
0.04043619432165747
0.04055488441650502
0.040206921933777284
0.04020522863556146
0.039496453881291485
0.039312706921483184
0.03920995293174709
0.04037080089602686
0.039585344909622684
0.03923541086383076
0.038768318448791514
0.03829657101875355
0.0385250029432189
0.038526483547245395
0.03873648367646427
0.03856949725556566
0.038496093954000686
0.03754103652124705
0.03799961284751074
0.0377244216977884
0.037443174451617336
0.037526081372248984
0.03764029156733455
0.03783733736258867
0.03757033868005452
0.03746849987574944
0.038113774149028286
0.03211489872929474
0.028474535701725884
0.027377793278653823
0.02650024439193757
0.025516714087920406
0.024704155569386217
0.02446674872108826
0.023941970036626972
0.023168290361142322
0.022489432928809686
0.02247633585332899
0.02221076130117784
0.02172185767102064
0.021584789657735217
0.021604109380317912
0.02159062501801551
0.021701814620660224
0.021358204644212696
0.02148057605948676
0.02152925306812049
0.021732169347407654
0.02126579913284692
0.021181296158875648
0.021017775989948667
0.02146213830516325
0.021295634339997704
0.02126953000587791
0.021525735773197024
0.021488181309581432
0.021273704102895297
0.02010323034864194
0.019165108922098936
0.019323101332544133
0.019010370920980516
0.019248533312955087
0.019100910174636682
0.018976237767096782
0.019089215020588433
0.019266579967295066
0.019113642096514845
0.01926580602782972
0.01928475424577959
0.019349748321908885
0.019115945633008273
0.01931437134597055
0.019115412862732092
0.0191782030689141
0.019106271484789272
0.019333238674710436
0.019335594329425707
0.01922488405498139
0.019213061421314136
0.01909735643557515
0.01913065473305687
0.019227507246703298
0.019110407868156258
0.019035529133688583
0.019166205171437866
0.0190713444515406
0.019059592640590477
0.019269308227349666
0.019451383571819737
0.019368934505205767
0.019197401412011747
0.019166354011931567
